              precision    recall  f1-score   support

         cel       0.05      0.77      0.09       111
         cla       0.02      0.74      0.05        62
         flu       0.06      0.51      0.10       163
         gac       0.23      0.47      0.31       534
         gel       0.42      0.85      0.56       942
         org       0.15      0.65      0.25       361
         pia       0.36      0.41      0.38       995
         sax       0.14      0.90      0.25       326
         tru       0.07      0.87      0.13       166
         vio       0.09      0.89      0.17       211
         voi       0.48      0.80      0.60      1042

   micro avg       0.18      0.68      0.29      4913
   macro avg       0.19      0.71      0.26      4913
weighted avg       0.31      0.68      0.40      4913
 samples avg       0.25      0.69      0.30      4913
