              precision    recall  f1-score   support

         cel       0.00      0.00      0.00       111
         cla       0.00      0.00      0.00        62
         flu       0.00      0.00      0.00       163
         gac       0.00      0.00      0.00       535
         gel       0.00      0.00      0.00       942
         org       0.00      0.00      0.00       361
         pia       0.00      0.00      0.00       995
         sax       0.00      0.00      0.00       326
         tru       0.00      0.00      0.00       167
         vio       0.00      0.00      0.00       211
         voi       0.00      0.00      0.00      1044

   micro avg       0.00      0.00      0.00      4917
   macro avg       0.00      0.00      0.00      4917
weighted avg       0.00      0.00      0.00      4917
 samples avg       0.00      0.00      0.00      4917
